00000000000000000000000000000000000000000
01110111011111111111110111110111111101110
01010101000000000100010100010000010100010
01011101111111110101111101011111110111110
01000000000000010100000001000000000000010
01111111111101111101110111110111111101110
01000000000100010001010101000100000101000
01011111110111010111010101111101110111010
01010000010001000100010100000001010000010
01110111010101111111010111111111010211110
00000001010100000000010000000000010000010
01111111010111110111110111111111010111010
01010001010100010100000100000101010101010
01011101011101110101110111110101011101010
01000101000100000101010000010101000001010
01110101110101111101011101110101111101010
00010100010101000001000001000101000001010
01010101110101111101111111010101011111010
01010100000100000100000001010100010000010
01010111110101110111011101110111010111110
01010000010101000001010101000001010100010
01110111011101111101030101011101110111010
01000101000001010101000100010101000001010
01011101110111010101110111110101110111010
01000001010000010001010000000100010100010
01011111011111010111010111110111011101110
01010000000001010100000100010001000100000
01110111111101010111110101111101011101110
00000101000001010000010101000101000001010
01011101111101111111011101110101111111010
01010000000100000001000000010000000000010
01011111010111111101011111011101111111110
01000001010000000101000001000101000000000
01011101111101110101011101110111011111110
01010100000101010101010100010000000001010
01110111110111010101010111111111110111010
01000100000000010101010000000000010100010
01110111111111010111010111110111110101010
00010000010000010000010100010100000101010
01111111011111111111110111011111111101110
00000000000000000000000000000000000000000

